//
NA DCE_S_III
PO
1   17 43 35 13
2   108 0 0 0
3   0 0 108 0
4   0 108 0 0
5   20 36 29 23
//
//
NA INR
PO
1   49 48 69 137
2   0 303 0 0
3   288 0 0 15
4   26 81 116 80
5   77 95 0 131
6   67 118 46 72
7   45 85 73 100
8   50 96 56 101
//
//
NA MTE
PO
1   1 2 2 4
2   1 3 0 5
3   1 2 1 5
4   0 9 0 0
5   2 0 7 0
6   9 0 0 0
7   4 0 5 0
8   0 9 0 0
9   0 4 5 0
10   2 3 4 0
11   9 0 0 0
12   4 0 4 1
13   0 9 0 0
14   0 0 9 0
15   0 2 7 0
16   4 0 0 5
17   2 4 0 3
18   1 3 5 0
19   1 3 2 3
//
//
NA MED-1
PO
1   0 0 14 0
2   0 14 0 0
3   0 0 0 14
4   0 14 0 0
5   0 14 0 0
6   0 5 9 0
//
//
NA XCPE1
PO
1   0 0 21 0
2   0 6 15 0
3   0 0 21 0
4   0 19 0 2
5   0 0 21 0
6   0 0 21 0
7   3 0 18 0
8   21 0 0 0
9   0 14 7 0
10   2 19 0 0
//
//
NA DCE_S_II
PO
1   16 34 43 15
2   3 100 3 2
3   6 5 13 84
4   2 11 90 5
5   14 21 13 60
6   16 28 45 19
//
//
NA TATA-Box
PO
1   61 145 152 31
2   16 46 18 309
3   352 0 2 35
4   3 10 2 374
5   354 0 5 30
6   268 0 0 121
7   360 3 10 6
8   222 2 44 121
9   155 44 157 33
10   56 135 150 48
11   83 147 128 31
12   82 127 128 52
13   82 118 128 61
14   68 107 139 75
15   77 101 140 71
//
//
NA DPE
PO
1   24 18 30 10
2   36 21 6 19
3   41 3 28 10
4   2 30 47 3
5   43 2 1 36
6   7 30 4 41
7   16 31 35 0
8   15 21 11 35
9   19 22 17 24
//
//
NA BREu
PO
1   12 7 2 1
2   3 8 11 0
3   1 14 7 0
4   6 4 12 0
5   4 15 2 1
6   0 0 22 0
7   0 20 1 1
8   1 18 1 2
//
//
NA DCE_S_I
PO
1   18 19 46 25
2   4 93 6 5
3   3 12 8 85
4   4 12 20 72
5   2 93 7 6
6   22 34 27 25
//
//
NA BREd
PO
1   10 4 19 8
2   5 8 8 20
3   10 6 11 14
4   3 6 15 17
5   4 8 15 14
6   2 6 13 20
7   6 9 10 16
//
//
NA CCAAT-box
PO
1   56 55 12 52
2   32 52 43 48
3   25 47 24 79
4   102 1 70 2
5   51 6 99 19
6   0 173 1 1
7   0 174 0 1
8   175 0 0 0
9   119 8 21 27
10   17 0 15 143
11   23 90 59 3
12   116 6 52 1
//
//
NA GC-box
PO
1   102 40 50 82
2   97 31 112 34
3   50 6 154 64
4   67 1 206 0
5   0 0 274 0
6   2 0 272 0
7   54 170 0 50
8   46 1 224 3
9   1 3 222 48
10   79 0 171 24
11   23 17 192 42
12   0 166 35 73
13   20 86 52 116
14   40 24 109 101
//
